1
1

2

3

4

5

6
6

7
7.1
7.2
7.2

8

9

10

11

12

13
13.1

14

15

16.1
16
16
16.2
16.3
16.4
16.5

17
17


20

22

23

24
24.1
24.2

25
25

26

27

28

29

30

31

32

33

34

35

36
36
36.1
36.2

38
38.1
38.2
38.3
38.3
38.4
38.4
38.5
38.6
38.7
38.8

39

40

41
41.1
41.2
41.2
41.1
41.1
41.3
41
41.6
41.2
41.3
41.3
41.1
41
41.4
41.4
41.3
41
41

42
42.1

43

44

45
45.1

46

47

48
48
48.1

49
49

50
50

51

52
52

54

55

56

57

58

59.1
59.1

60
60
60

61
61

62
62
62
62

63

64

65

66
66
66.1

67

68

69
69.1
69.2
69.3
69.4

70

71

72
72

73
73
73

74
74
74
74

75

76

77

78
78

79
79
79.1

80
80
80.1
80

81
81.1

82
82
82.1
82.1

